00000000001110000000000000011111111100000000001111
00000000011111000000000000111111111100000000011111
00000000111111100000000000111111111100001111111110
00000001111111111000000000111111111000011111111000
00000011111111111100000000111111111000011111110000
11000011111000011100000000111111111000011111110000
11000001110000001110000001111111110000001111110000
00000001110000001110000011111111000000001111111000
00000000100000011110000111111110000000000111111100
00000000000000011100000111111110000000000111111110
00000000000000011100000111111111000000001111111111
00000000000000001000001111111111100011111100011111
00000000000000000000011111111111111111111000001111
00000000000000000001111111111111111111111000000111
00000011110000000011111111111111111111110000000111
00001111111000000011111111111111111111100000001111
00011111111100000001111111111111111110000000011111
00011111111100000000011111111111111000001111111110
00111111111000000000000001111111100000011111110000
11111111000000000000000000111111000000011110000000
11111110000000000111000000111111000000111100000000
11111110000000001111100001111111100011111100000000
11111110000000001111111111111111111111111110000000
00011111000000011111111111100011111111111110000000
00001111000000011111111111000001111111111100000000
00000110000000011111111111000000111110000000000000
00000000000000011111111111000000001100000000000000
00000000000000011111111110000000000000000000000000
00000000000000011111000000000000000000000000000000
00000000000000001110000000000000000111000000000000
00000000000000000000000000000000001111100000000000
00000000000000000000000000000000001111100000000000
00000000000000000000000000000000001111000000000000
00000000000000000000110000000000000000000001100000
11100000000111000001111000000000000000000011110000
11100000001111100001111000000000000000000111110000
11100000011111100000111000000110000000111111100000
11110000011111100000011100001111111111111110000000
11111000011111000000011100001111111111111100000000
11111000011111000000011110000111111111111100000000
01110000011111000000011110000011111111111000000000
00000000011111000000011110000000111111110000000000
00000000011111000000011100000000011111110000000000
00001111111110000000011100000000011111110000000000
00011111111100000000011100000000011111110000010000
00011111111100000000011110000000011111110000111000
00001111111100000000111110000000111111110000000000
00000111111000000001111100000000111111100000000000
00000011110000000001111000000000011111000000000000
00000000000000000001110000000000011110000000000000
