00000000000000000000000000011111111111110000000000
00000000000000000000000000011111111111111000000000
00000000011000000000000000011111111111111000000000
00000000111100000000000000011111111111111000000000
00000001111110011100000000011111110001111100000000
00000001111111111110000000001111100000111111110000
00000001111111111111000000000000000000011111111000
00000001110011111111000000000000000000011111111100
00000011100001111111100000000000000000001111111100
00000111000001111111100000000000000000000111111100
00000111000000111111110011000000111100000000111000
00000010000000111111111111100001111111110000000000
00000000000000111111111111100011111111111000000000
00000000000000111111111111100011111111111000000000
00000000000001111001111111100001100000111000000000
00000000000111110000000001100000000000011100000000
00000000001111100000000000000000000000011110000000
00000000001111100000000000000000000000111111000000
00000000001111100000001100000000000001111111100000
00000000011111110000011110000000000011111111110000
00000111111111110000011110000000000011111111111000
00000111111111110000111110000000000111111111111000
00000111111111110000111110000000011111110111111000
00000111111111100000111110000001111111100001111100
00000111111111100000111111000011111111100000111111
00001111100011000000111111100111111111100000011111
11111111000000000001111111111111111111100000001110
11111111000000000011111111111100001111100000000000
11111111000000000111111111111000000111000000000000
11111111100000001111111111110000000000000000000000
00011111111100001111111111110000000000000000000000
00001111111110000111111111100000000000000000000000
00001111111110000011111000000000000000000000000000
00011111111100000011110000000000000000000000011100
00011110011100000011110000000000000000000000011100
00111100001110000011111000000000000000000000111100
11111100001111000011111110000000000000000000111100
11111100001111100111111111000000000000000001111100
11111100000111111111111111000000000000000011111110
11111110000111111111111111000000000000000011111110
01111111001111111111111111000000000000000001111110
00111111111111111100111111100000000000000001111100
00011111111111111000011111110011100000000011111100
00011111111111110000011111111111110000011111111100
00011111111111110000001111111111111000111111111100
00011111111111111000000111111111111111111111111000
00011111111111111000000111111111111111111111110000
00111111111111110000000011100000111111110001100000
11111111111111100000000011000000011111100000000000
11111111111111000000000011000000000000000000000000
