00000000000000000111111111110000000001110000111111
00000000000000001111111111110000000011111000111111
00000000000000011111000011100000000111111100011111
00000000000000011110000000000001111111111110001111
11000000000000001100000000000011111111111110000111
11100000000000000000000000000011111111100100000011
11100000000000000000000000000011111111000000000011
11100000010000000000000000000001111110000000000011
11100000111000000000000110000000001100000000000001
11100000111000000000001111000000000000011000000000
11100000111000011000001111000000000000111100000000
11110001110000111100011110000000000001111100000000
11111111110000111111111100000000000001111000000000
11111111110000111111111100000000000011111000000000
00011111111000011100111110000011111111111100000000
00001111111100000000011111111111111111111111100000
00001111111110000000001111111111111111111111110000
00011111111110000000001111111111000001111111110000
00111111111100000011001111111110000000001111110000
00111100111100000111111111111100000000000011110000
01111000011100000111111111111100000000000001100000
11111000011110000011111111111000000000000000000000
11111000111110000001111111110000000011000000000000
11110001111100000001111111100000000111111000000000
00000001111100000001111110000000000111111100000111
00000011111110000001111000000000000011111110011111
00000011111110000000110000000110000001111111111111
00000011111111000000000000001111110000001111111111
00000001111111000000000001111111111000000111111110
00000000111111000000000011111111111100000011111000
00011000011111000000000011111111111110000011110000
00111100011111000000000011111111111111000011100000
00111110011111000000000001111111111111000011000000
00011111111110000000000001111111111110000011000000
00001111111110000000000001111111110000000001100000
00000111111100000000000011111111000000000001110000
00000111111100000000000111111110000000000001110000
00000111111100000000001111111110000000000011111000
00000111111100000000011111111100000000000011111000
00001111111100000000011111111110011000000111111100
00001111111100000000001111111111111100001111111110
00000111111000000000001111111111111110011111111111
00000000000000000000001111111111111111111111111111
00000000000000000000000111111111111111111111111111
00000000000000000000000011111111111111111111111111
00000000000000000000000011111111000001111100111111
00000000000000000000000001110000000000000000011111
00000000000000000000000000000000000000000000000000
00000000000000000000000000000000000000000000000000
00000000000000000000000000000000000000000000000000
